0 4.563203
1 6.649448
2 9.060493
3 11.43362
4 11.9935
3 12.62392
4 13.27823
0 13.78256
1 16.29745
1 18.63725
2 18.63725
3 21.63889
4 22.21
3 22.86696
4 23.4302
0 24.06075
1 24.64599
2 25.22133
0 25.85451
3 26.06742
1 26.47876
2 27.01261
0 27.6034
1 28.26912
2 28.87792
0 29.40075
1 30.02916
2 30.62424
5 31.2979
0 31.33679
1 31.83819
4 31.83819
0 32.35965
5 32.45921
1 32.99398
4 32.99398
2 33.6216
3 33.73111
2 34.26285
5 34.26285
0 34.79994
1 35.43336
4 35.43336
2 36.08246
5 36.08246
0 36.60151
0 37.2372
1 37.83983
4 37.88298
2 38.42616
3 38.97008
0 39.03471
5 39.60457
1 40.25811
4 40.80439
2 41.42422
0 41.96817
5 42.08041

