1 5.061474
4 5.061474
1 5.292944
4 5.312433
1 5.557209
4 5.591827
1 5.771403
4 5.79177
1 6.043974
4 6.062712
3 7.004191
3 7.274328
3 7.495311
3 7.722857
3 7.964561
3 8.156879
4 8.541935
2 8.765042
2 9.010035
2 9.286991
2 9.491796
2 9.758382
2 9.961249
3 10.37124
4 10.63401
4 10.89529
4 11.13437
4 11.34698
4 11.56855
4 11.79493
5 12.17154
2 12.4183
2 12.65725
2 12.88842
2 13.14993
2 13.35105
2 13.58181
0 14.00117
1 14.25391
1 14.48687
1 14.72276
1 14.95108
1 15.18697
2 15.34363
2 15.53719
4 15.85047
0 16.06214
0 16.27658
0 16.49063
0 16.6848
0 16.94524
0 17.12796
1 17.6194
2 17.85729
2 18.08775
2 18.33101
2 18.56139
2 18.78554
2 18.99725
4 19.42165
0 19.67176
0 19.9121
0 20.14715
0 20.38796
0 20.60629
0 20.81795
3 21.50144
3 21.71018
5 21.92437
3 22.1405
5 22.27849
5 22.46129
4 22.62269
5 22.83108
3 23.05807
3 23.30741
3 23.53104
5 23.7482
3 23.95924
5 24.0863
5 24.27604
4 24.40383
5 24.61323
3 24.85868
3 25.10849
3 25.34643
5 25.5589
3 25.80437
5 25.93455
5 26.1123
4 26.27633
5 26.47878
3 26.70033
3 26.94953
3 27.17205
5 27.40001
3 27.5957
5 27.723
5 27.90211
4 28.04053
5 28.28052
3 28.50819
0 28.75811
0 28.9549
2 29.22324
0 29.4164
2 29.52401
2 29.71458
1 29.86319
2 30.0571
0 30.30382
0 30.58518
0 30.76755
2 31.01292
0 31.207
2 31.35411
2 31.51415
1 31.68155
2 31.90237
0 32.12141
0 32.3679
3 32.39365
0 32.5386
3 32.58998
2 32.80428
5 32.80428
0 32.9662
3 33.00904
2 33.10415
5 33.13935
2 33.30645
5 33.30645
1 33.45532
4 33.47512
2 33.67976
5 33.70104
0 33.87865
3 33.91112
0 34.0978
3 34.11902
0 34.29589
3 34.33889
2 34.54966
5 34.54966
0 34.74235
3 34.7686
2 34.87907
5 34.89953
2 35.05242
5 35.07314
1 35.20642
4 35.22705
2 35.43344
5 35.45319
0 35.66552
3 35.68579
1 36.00525
3 36.00525
2 36.20816
4 36.23399
4 61.97888
1 5.068293
4 5.068293
1 5.361309
4 5.361309
1 5.606449
4 5.625736
1 5.842268
4 5.863051
1 6.093679
4 6.093679
3 6.973449
3 7.258109
3 7.498692
3 7.717144
3 7.95952
3 8.197737
4 8.598956
2 8.838398
2 9.097011
2 9.316235
2 9.536149
2 9.749204
2 9.971276
3 10.42732
4 10.61969
4 10.88542
4 11.08696
4 11.35292
4 11.53618
4 11.79662
5 12.18732
2 12.42902
2 12.65203
2 12.87865
2 13.10883
2 13.33613
2 13.55084
1 14.02278
2 14.26026
2 14.50352
2 14.71126
2 14.92711
2 15.15169
2 15.37868
4 15.82646
0 16.04045
0 16.2687
0 16.50451
0 16.69694
0 16.94598
0 17.1807
1 17.62737
2 17.84473
2 18.10287
2 18.33677
2 18.56081
2 18.81063
2 19.01627
4 19.46255
0 19.68403
0 19.91747
0 20.13412
0 20.35569
0 20.59792
0 20.81877
3 21.46578
3 21.66151
5 21.90876
3 22.12124
5 22.28093
5 22.50828
4 22.6546
5 22.88884
3 23.09845
3 23.34347
3 23.56009
5 23.78631
3 24.00293
5 24.13859
5 24.35983
4 24.52079
5 24.74659
3 24.94975
3 25.18644
3 25.39575
5 25.62452
3 25.82821
5 26.09006
4 26.29071
5 26.5051
3 26.73579
3 26.97473
3 27.18399
5 27.42373
3 27.62329
5 27.76955
5 27.964
4 28.09597
5 28.32326
3 28.53969
0 28.72466
0 28.93654
2 29.18842
0 29.42342
2 29.55131
2 29.7505
1 29.88025
2 30.07895
0 30.31507
0 30.54319
0 30.77814
2 31.0204
0 31.23222
2 31.32867
2 31.53864
1 31.68554
2 31.89924
0 32.09704
0 32.37394
3 32.37394
0 32.57893
3 32.60767
2 32.7881
5 32.8077
0 32.97476
3 32.99589
2 33.10069
5 33.14405
2 33.29841
5 33.32046
1 33.47597
4 33.47597
2 33.6759
5 33.69847
0 33.89781
3 33.91827
0 34.10612
3 34.14328
0 34.31301
3 34.3582
2 34.56371
5 34.56371
0 34.76491
3 34.76491
2 34.86581
5 34.90387
2 35.09463
5 35.09463
1 35.2816
4 35.2816
2 35.48542
5 35.51229
1 35.77705
4 35.80448
0 36.04126
3 36.0772

