0 4.376323
1 4.850735
2 5.324672
3 6.021169
0 6.587955
1 7.159319
2 7.731307
3 8.411797
0 9.004104
1 9.690276
2 10.19536
3 10.78426
5 11.3892
4 11.89871
5 12.54035
4 13.06613
0 13.77233
1 14.30268
2 14.80203
3 15.52153
5 16.15378
4 16.7822
3 17.26736
2 17.91154
0 18.60172
1 19.20933
2 19.59095
3 20.355
5 20.97089
0 21.50591
4 22.12723
1 22.76733
0 23.38908
5 23.4154
1 23.96389
4 23.96389
2 24.58302
3 24.58302
1 25.20765
4 25.20765
0 25.77396
5 25.77396
1 26.3903
4 26.3903
2 26.86521
3 26.92706
2 27.56198
3 27.56198
0 28.2442
5 28.2442
1 28.77503
4 28.80008
2 29.38351
3 29.38351
2 29.98302
3 29.98302
1 30.66312
4 30.66312
5 31.15987
0 31.20972
1 31.81806
4 31.81806
0 32.46204
5 32.46204
5 32.97923
4 33.57306
3 34.06721
2 34.81157
0 35.37263
1 35.96212
2 36.40413
3 37.16939
0 37.79632
5 37.79632
1 38.42391
4 38.42391
2 38.98032
3 38.98032
1 39.71384
4 39.71384
0 40.21627
5 40.21627
4 40.7584
1 41.38721
5 42.0176
0 42.55613
0 43.81924
5 44.54204
1 44.99417
4 45.56434
2 46.19489
3 46.81396
1 47.3158
4 47.35927
5 48.06768
0 48.5793
5 49.16438
1 49.85181
1 49.97213
5 50.39257
0 50.97126
0 51.1801
4 51.63379
1 52.24522
1 52.45782
5 52.88744
2 53.44585
2 53.53885
4 54.06161
0 54.63747
0 54.70055
4 55.1442
1 55.74622
1 55.91484
5 56.38754
0 56.99814
0 57.18496
3 57.60927
1 58.15823
1 58.3579
5 58.743
0 59.3615
0 59.50732
4 60.01587
1 60.66736
1 60.78696
5 61.1711
0 61.7924
5 63.66568
1 64.84487
4 66.09473
0 67.18934
5 68.39868
1 69.5334
4 70.8373
0 71.41743
1 72.04263
2 72.63746
3 73.26581
5 73.8763
4 74.4762
3 75.07857
2 75.69651
0 76.29578
5 76.29578
1 77.35943
4 77.39083
2 78.63968
3 78.63968
0 80.13671
1 80.2514
2 80.31094
3 80.4
4 80.4254
0 80.98949
5 81.05108
4 81.63476
1 81.69847
2 82.22237
3 82.22237
5 82.80855
0 83.446
4 84.00148
1 84.57097
5 85.26892
2 85.86135
3 86.40839
5 86.94016
0 87.02798
1 87.5547
4 87.6629
5 88.14944
0 88.74058
4 89.34374
1 89.95036
3 90.5352
2 91.12314
1 91.7605
4 91.7605
0 92.33004
5 92.33004
1 93.01958
4 93.01958
2 93.6198
3 93.6198
0 94.12202
5 94.12202
1 94.70923
4 94.79176
2 95.36952
3 95.40745
1 95.92642
4 95.92642
0 96.48215
5 96.48215
4 97.07181
1 97.16203
3 97.80144
2 98.38841
4 98.90602
1 99.54974