1 5.125175
4 5.125175
1 5.346772
4 5.363721
1 5.610027
4 5.643838
1 5.851448
4 5.870063
1 6.100949
4 6.100949
3 6.9864
3 7.261728
3 7.474701
3 7.713644
3 7.944694
3 8.163169
4 8.58889
2 8.811919
2 9.024697
2 9.297546
2 9.504588
2 9.742464
2 9.983549
3 10.41206
4 10.63944
4 10.85394
4 11.06933
4 11.30706
4 11.5317
4 11.75316
5 12.14535
2 12.3996
2 12.64173
2 12.87724
2 13.08603
2 13.3382
2 13.5494
1 13.99364
2 14.26951
2 14.51055
2 14.73038
2 14.94406
2 15.16712
2 15.41084
4 15.83873
0 16.03551
0 16.27236
0 16.49608
0 16.72439
0 16.95008
0 17.19008
1 17.64737
2 17.86956
2 18.08227
2 18.32099
2 18.5462
2 18.78243
2 19.04299
4 19.47475
0 19.6725
0 19.8909
0 20.1177
0 20.35914
0 20.61593
0 20.82133
3 21.47064
3 21.70875
5 21.93217
3 22.15796
5 22.31528
5 22.50249
4 22.67859
5 22.8838
3 23.07919
3 23.30401
3 23.52734
5 23.76571
3 23.97009
5 24.14228
5 24.26709
4 24.49421
5 24.68649
3 24.92811
3 25.17126
3 25.37572
5 25.57513
3 25.77575
5 25.9126
5 26.12075
4 26.32926
5 26.50628
3 26.71959
3 26.94025
3 27.15002
5 27.35697
3 27.56105
5 27.71922
4 28.01518
5 28.27302
3 28.49129
0 28.73129
0 28.9329
2 29.17078
0 29.38341
2 29.52447
2 29.70564
1 29.86614
2 30.04552
0 30.26881
0 30.49745
0 30.73926
2 30.96779
0 31.18035
2 31.32792
1 31.62547
2 31.88714
0 32.0914
0 32.37437
3 32.37437
0 32.58023
3 32.60738
2 32.78842
5 32.78842
0 32.97232
3 32.995
2 33.14294
5 33.14294
5 33.30797
2 33.32838
1 33.4628
4 33.4628
2 33.66599
5 33.66599
0 33.85698
3 33.8836
0 34.10877
3 34.12983
0 34.30504
3 34.33328
2 34.52533
5 34.52533
0 34.72651
3 34.74696
2 34.90072
5 34.90072
2 35.07208
5 35.07208
1 35.24397
4 35.24397
2 35.45713
5 35.45713
1 35.72089
4 35.74874
1 36.00256
3 36.02677
0 36.32323
3 36.34436

