0 5.348165
1 5.735239
2 5.956854
3 6.274176
5 7.492402
4 7.776228
4 8.12293
3 8.223932
2 8.488106
1 8.586967
0 9.395054
1 9.797491
2 10.10977
3 10.33167
5 11.37772
5 11.58135
4 11.98066
3 12.48096
0 13.29525
1 13.71057
0 14.21307
1 14.74565
5 15.21506
4 15.69833
1 16.14185
4 16.14185
2 16.65042
3 16.65042
1 17.14085
4 17.14085
0 17.6099
5 17.64048
1 18.12008
4 18.12008
2 18.6092
3 18.6092
1 19.0732
4 19.0732
5 19.89463
4 19.95196
3 20.07771
2 20.21978
1 20.32258
0 20.48802
5 21.03753
0 21.49566
1 21.9152
2 22.38359
3 22.91737
4 23.38264
5 23.7984
4 23.88626
3 24.03443
0 24.88268
1 25.28515
1 25.80163
5 26.2807
4 26.7383
3 27.03288
3 27.45839
1 27.95381
2 28.44154
0 28.74849
5 28.81089
1 29.61411
4 29.6379
3 30.66221
2 31.35623
1 31.43677
0 31.6061
5 31.87318
4 32.61368
3 33.0889
1 33.55399
0 33.76174
5 34.02468
4 34.09161
3 34.23726
1 34.50235
4 34.61544
0 36.45128
1 36.45128
2 36.51236
3 36.51236
4 36.51236
5 36.51236

