0 5.547176
1 5.797411
2 6.006014
3 6.296543
4 6.464724
5 7.633096
5 7.927193
4 8.054888
3 8.214413
2 8.512997
0 9.437804
1 9.641312
2 9.838681
3 10.16564
5 11.38819
5 11.65312
4 12.12031
3 12.62455
0 13.3545
1 13.80951
2 14.26237
4 15.38317
5 15.7648
5 16.07486
4 16.31094
3 16.45617
2 16.60758
0 17.27037
1 17.8903
2 18.28826
3 18.66891
2 19.17143
3 19.17143
4 19.5545
1 19.58752
0 19.95262
5 19.99418
2 20.35539
3 20.3865
1 20.46623
4 20.49722
0 20.57271
5 20.60826
0 21.19212
1 21.6248
2 22.08787
3 23.01848
4 23.36264
5 23.70942
4 23.97737
3 24.14625
2 24.3303
0 25.10458
1 25.45238
1 25.94624
5 26.45522
0 26.92665
0 27.19709
1 27.64001
2 28.23759
0 28.8192
5 28.85147
1 29.29914
4 29.29914
2 29.7683
3 29.7683
0 30.7366
0 31.07635
0 31.47861
1 31.66652
2 31.80776
3 32.08647
5 32.82061
4 33.21239
1 33.70194
0 34.14373
3 34.66532
2 34.69698
4 34.84504
1 34.87224
0 35.04226
5 35.07372
0 36.56636
5 36.59847

