0 5.369206
1 5.677538
2 5.907977
3 6.284292
5 7.383276
5 8.08469
5 8.276034
4 8.378669
3 8.488618
2 8.67801
0 9.439488
1 9.85758
2 10.15744
3 10.5306
5 11.34535
5 11.57564
4 11.944
3 12.46919
0 13.26776
1 13.69339
2 14.17936
4 15.13489
4 15.48637
5 15.76315
5 16.02638
4 16.06957
3 16.18413
2 16.4132
0 17.09905
1 17.58059
2 18.05058
2 18.6232
3 18.6232
4 19.03359
1 19.05556
0 19.49945
5 19.52513
5 19.86659
4 19.91013
3 20.03427
2 20.18005
1 20.29909
0 20.41849
5 21.03211
0 21.47964
1 21.91243
2 22.34231
3 22.8861
4 23.37922
5 23.71217
4 23.75434
3 23.83548
2 24.0628
0 24.91004
1 25.31262
1 25.80185
5 26.27961
0 26.81005
0 27.08251
1 27.50566
2 28.04261
0 28.79732
5 28.79732
1 29.19693
4 29.19693
2 29.71774
3 29.71774
0 30.68546
0 31.19274
0 31.57543
1 31.69317
2 31.79425
3 32.04444
5 32.6658
4 33.09535
1 33.57152
0 34.02449
5 34.47577
4 34.52587
3 34.57959
2 34.69736
1 34.78146
0 34.84006
0 36.25
1 36.25
2 36.29993
3 36.29993
4 36.29993
5 36.29993

