0 4.652761
0 5.085258
0 5.635994
5 6.693
4 7.112284
3 7.580575
2 8.000538
0 8.403282
1 8.935552
2 9.386627
3 9.784389
0 10.28601
1 10.75559
2 11.11965
1 11.65503
5 12.05645
4 12.50062
3 12.93794
4 13.49154
0 13.93818
1 14.37426
2 14.82667
1 15.27428
5 15.64631
4 16.22077
3 16.61341
4 17.05784
5 17.46428
0 17.55491
1 17.90588
4 17.99028
3 18.35674
2 18.45478
1 18.89893
4 18.89893
0 19.28002
5 19.37294
1 19.75167
4 19.75167
2 20.21841
3 20.21841
0 20.69456
5 20.69456
4 21.16735
1 21.64322
5 22.039
0 22.51778
5 22.94356
4 23.44801
3 23.86367
4 24.28384
0 24.80394
1 25.22106
2 25.65665
1 26.08425
5 26.51877
0 27.08073
4 27.39755
1 27.96875
0 28.42324
5 28.42324
1 28.88019
4 28.88019
3 29.20645
2 29.35016
1 29.812
4 29.93738
0 30.3043
5 30.3043
4 30.66209
3 31.14453
2 31.50835
1 31.9991
2 32.49553
3 32.9982
4 33.36739
5 33.76615
0 34.14054
4 34.54262
1 35.06751
2 35.6068
3 35.6068

