1 7.26791
0 7.36131
0 7.466315
1 7.567722
0 7.727808
1 7.780509
0 7.936892
1 8.044714
0 8.095025
1 8.251866
2 8.461152
1 8.569955
2 8.625371
1 8.7317
2 8.783964
1 8.888874
2 9.026207
1 9.063299
2 9.262003
1 9.36558
2 9.420649
3 9.534441
2 9.636907
3 9.698777
2 9.793779
3 9.854699
2 9.904921
3 9.969551
2 10.07328
3 10.07328
2 10.24513
3 10.24513
3 10.40597
2 10.5057
3 10.57134
4 10.71991
3 10.83127
4 10.93608
3 10.9937
4 11.09996
3 11.16419
3 11.32279
4 11.43315
3 11.56313
4 11.65658
3 11.75702
5 11.97736
4 12.08181
4 12.2472
5 12.2472
4 12.41097
4 12.52026
5 12.68448
4 12.84548
5 13.01208
0 13.2374
1 13.34676
0 13.56971
1 13.62635
0 13.796
1 13.90643
0 14.07874
1 14.24042
0 14.2975
2 14.46217
1 14.52731
2 14.65569
1 14.69758
2 14.81149
1 14.92132
2 15.03104
1 15.08273
2 15.19689
1 15.30702
2 15.47497
3 15.74187
2 15.79843
3 15.91246
2 15.97491
3 16.07847
2 16.19644
3 16.24821
2 16.36187
3 16.47453
2 16.58327
3 16.69153
2 16.75717
4 16.92165
3 17.03139
4 17.14903
3 17.25434
4 17.31461
3 17.5226
4 17.5226
4 17.65629
3 17.75964
4 17.87376
3 17.98218
4 18.039
4 18.20426
5 18.26155
4 18.43085
5 18.43085
4 18.60182
5 18.60182
4 18.72496
5 18.72496
4 18.93368
3 19.00188
4 19.10866
3 19.17161
4 19.22651
3 19.34463
4 19.34463
4 19.63536
5 19.63536
4 19.7951
5 19.7951
4 19.96383
5 19.96383
5 20.0123
2 20.28243
3 20.34944
2 20.45563
3 20.45563
2 20.56899
3 20.56899
5 20.89816
4 20.95131
5 21.05667
4 21.11403
5 21.17868
5 21.33608
3 21.57408
4 21.57408
4 21.67381
3 21.7317
4 21.79465
3 21.90323
4 21.90323
2 22.1277
3 22.18324
2 22.30363
3 22.30363
3 22.40743
2 22.45992
1 22.63137
2 22.68493
2 22.81971
1 22.85957
2 22.97132
2 23.08879
0 23.14569
0 23.47302
1 23.64789
2 23.70716
3 23.7666
4 23.82434
5 23.92582
4 24.09344
2 24.15847
3 24.15847
1 24.2133
0 24.31632
1 24.59882
2 24.71843
3 24.71843
4 24.76402
5 24.81839
4 25.20246
2 25.31849
3 25.31849
1 25.36439
0 25.47404
4 26.021
3 26.41239
4 26.41239
2 26.45985
1 26.5685
0 26.62463
1 26.92251
2 26.92251
2 27.41164
1 27.46695
0 27.63124
1 27.8563
2 27.8563
3 27.96821
4 27.96821
4 28.30324
5 28.30324
3 28.35314
2 28.40978
1 28.46752
0 28.68732
1 28.83685
0 28.9247
1 28.9247
0 29.09069
1 29.09069
0 29.25975
1 29.25975
0 29.42626
1 29.42626
0 29.59632
1 29.59632
2 29.75204
1 29.81083
2 29.91887
1 29.97526
2 30.03096
1 30.14786
2 30.14786
1 30.31143
2 30.31143
1 30.48593
2 30.48593
1 30.59012
2 30.59012
2 30.69779
1 30.75569
3 30.97054
2 31.0818
3 31.14266
2 31.25675
3 31.25675
2 31.42768
3 31.42768
2 31.60192
3 31.60192
3 31.70937
2 31.76962
3 31.87928
2 31.93795
3 31.99586
2 32.10681
4 32.27409
3 32.33359
4 32.44225
3 32.4998
4 32.55536
3 32.66489
4 32.72451
3 32.83632
4 32.83632
3 33.01573
4 33.01573
3 33.12153
4 33.12153
3 33.29652
4 33.29652
4 33.40299
3 33.45882
4 33.51207
3 33.57156
4 33.67852
3 33.73648

