0 5.553418
1 5.863799
2 5.991399
3 6.295129
4 6.463583
5 7.529699
5 7.961997
4 8.090343
3 8.269889
2 8.585167
0 9.486175
1 9.708191
2 9.942691
3 10.25608
5 11.43263
5 11.62295
4 11.97888
3 12.67276
0 13.4019
1 13.89349
2 14.36789
4 15.37827
4 15.56292
5 15.80166
5 15.97357
5 16.14202
4 16.20542
3 16.31377
2 16.56227
0 17.27761
1 17.79488
2 18.22472
3 18.74286
2 18.77002
1 19.17404
4 19.17404
0 19.6008
5 19.6008
2 20.00463
3 20.00463
4 20.03777
1 20.15594
0 20.42436
5 20.5265
0 21.18602
1 21.77723
2 22.00822
3 22.91957
4 23.19835
5 23.66405
4 23.93277
3 24.04987
2 24.26415
0 25.04469
1 25.5225
1 25.98842
5 26.47122
0 26.94289
0 27.17488
1 27.64467
2 28.2522
0 28.90754
5 28.90754
1 29.3297
4 29.38783
3 29.77738
2 29.80906
0 30.84494
0 31.07837
0 31.47007
1 31.60785
2 31.70364
3 32.02319
5 32.75408
4 33.14204
1 33.64715
0 34.13272
2 34.63759
3 34.63759
4 34.72601
1 34.75723
0 35.01294
5 35.01294
0 36.4753
5 36.4753
4 36.76941
2 36.81114
3 36.81114

