1 5.146487
4 5.146487
1 5.399009
4 5.415538
1 5.668497
4 5.685323
1 5.937495
4 5.937495
1 6.155407
4 6.155407
3 7.035296
3 7.287073
3 7.50485
3 7.723358
3 7.975216
3 8.17684
4 8.613938
2 8.834826
2 9.070148
2 9.338605
2 9.540232
2 9.809253
2 9.977179
3 10.41493
4 10.64974
4 10.88478
4 11.12627
4 11.32818
4 11.56365
4 11.7824
5 12.20182
2 12.45428
2 12.67281
2 12.89129
2 13.11258
2 13.33148
2 13.5435
1 14.04728
2 14.2826
2 14.50051
2 14.75268
2 14.95381
2 15.20591
2 15.40726
3 15.85043
0 16.01993
0 16.25581
0 16.50815
0 16.77742
0 17.01249
0 17.24806
1 17.66816
2 17.9032
2 18.12518
2 18.37707
2 18.57898
2 18.79744
2 19.01595
4 19.50257
0 19.72104
0 19.95637
0 20.17484
0 20.37646
0 20.60279
0 20.83754
3 21.51133
3 21.74658
5 21.96526
3 22.18381
5 22.35174
5 22.51967
4 22.65418
5 22.84883
3 23.06743
3 23.31904
3 23.53741
5 23.73932
3 23.92635
5 24.07744
5 24.2456
4 24.39646
5 24.61486
3 24.81751
3 25.10707
3 25.30929
5 25.56146
3 25.76309
5 25.91495
5 26.08364
4 26.23451
5 26.41938
3 26.67129
3 26.92393
3 27.14268
5 27.36243
3 27.56966
5 27.70394
5 27.87215
4 28.04036
5 28.30962
3 28.51165
0 28.74637
0 28.93106
2 29.20056
0 29.41953
0 29.57048
2 29.85831
1 30.07728
2 30.19476
0 30.37994
0 30.58166
0 30.78301
2 31.00148
0 31.22165
2 31.32435
2 31.50906
1 31.66025
2 31.87862
0 32.12402
0 32.37597
3 32.40961
0 32.59456
3 32.59456
2 32.79957
5 32.79957
0 32.96929
3 32.98822
2 33.12313
5 33.12313
5 33.29142
2 33.3079
1 33.44213
4 33.44213
2 33.64376
5 33.64376
0 33.84834
3 33.86519
0 34.09822
3 34.09822
0 34.2862
3 34.30406
2 34.52672
5 34.52672
0 34.7452
3 34.7452
2 34.89957
5 34.91748
2 35.089
5 35.10655
1 35.2628
4 35.28525
2 35.47369
5 35.47369
0 35.6763
3 35.69428
0 36.00557
3 36.03893
1 36.27557
4 36.27557
2 36.54157
5 36.54157

